00000000 00000 11111
00000001 10001 11111
00000010 10010 11111
00000011 10011 11111
00000100 10100 11111
00000101 10101 11111
00000110 10110 11111
00000111 10111 11111
00001000 11000 11111
00001001 11001 11111
00010000 00001 11111
00010001 00000 11111
00010010 10001 11111
00010011 10010 11111
00010100 10011 11111
00010101 10100 11111
00010110 10101 11111
00010111 10110 11111
00011000 10111 11111
00011001 11000 11111
00100000 00010 11111
00100001 00001 11111
00100010 00000 11111
00100011 10001 11111
00100100 10010 11111
00100101 10011 11111
00100110 10100 11111
00100111 10101 11111
00101000 10110 11111
00101001 10111 11111
00110000 00011 11111
00110001 00010 11111
00110010 00001 11111
00110011 00000 11111
00110100 10001 11111
00110101 10010 11111
00110110 10011 11111
00110111 10100 11111
00111000 10101 11111
00111001 10110 11111
01000000 00100 11111
01000001 00011 11111
01000010 00010 11111
01000011 00001 11111
01000100 00000 11111
01000101 10001 11111
01000110 10010 11111
01000111 10011 11111
01001000 10100 11111
01001001 10101 11111
01010000 00101 11111
01010001 00100 11111
01010010 00011 11111
01010011 00010 11111
01010100 00001 11111
01010101 00000 11111
01010110 10001 11111
01010111 10010 11111
01011000 10011 11111
01011001 10100 11111
01100000 00110 11111
01100001 00101 11111
01100010 00100 11111
01100011 00011 11111
01100100 00010 11111
01100101 00001 11111
01100110 00000 11111
01100111 10001 11111
01101000 10010 11111
01101001 10011 11111
01110000 00111 11111
01110001 00110 11111
01110010 00101 11111
01110011 00100 11111
01110100 00011 11111
01110101 00010 11111
01110110 00001 11111
01110111 00000 11111
01111000 10001 11111
01111001 10010 11111
10000000 01000 11111
10000001 00111 11111
10000010 00110 11111
10000011 00101 11111
10000100 00100 11111
10000101 00011 11111
10000110 00010 11111
10000111 00001 11111
10001000 00000 11111
10001001 10001 11111
10010000 01001 11111
10010001 01000 11111
10010010 00111 11111
10010011 00110 11111
10010100 00101 11111
10010101 00100 11111
10010110 00011 11111
10010111 00010 11111
10011000 00001 11111
10011001 00000 11111